76
71
72
79
75
79
73
76
77
71
77
74
71
75
72
72
73
72
72
71
77
73
76
77
75
76
75
72
75
79
79
73
73
76
77
75
73
80
71
72
72
72
77
76
71
80
78
78
71
79
80
80
79
78
76
72
74
72
71
80
74
73
74
75
77
71
79
76
79
74
75
71
72
77
74
79
72
80
76
78
80
73
75
75
78
79
72
72
74
71
76
74
72
73
80
77
75
80
72
78
78
76
72
76
73
72
73
79
71
73
71
75
71
79
72
71
74
75
72
80
74
73
71
73
71
76
78
77
71
71
78
80
76
72
79
74
73
78
71
71
77
77
76
78
78
78
73
77
76
74
71
78
74
77
78
72
72
76
75
79
78
78
71
71
71
78
80
77
72
78
72
72
77
74
77
78
76
78
73
78
80
79
71
74
74
77
76
78
74
73
71
78
73
74
76
73
77
75
72
78
72
73
73
76
71
75
72
72
78
73
77
80
75
77
78
75
77
72
80
72
73
78
75
78
74
73
71
77
75
75
77
71
74
78
77
72
72
71
71
75
77
78
76
72
77
72
72
71
72
72
72
74
74
73
73
79
78
54
58
58
71
80
78
76
74
72
77
80
72
73
74
71
77
75
80
75
77
72
74
72
78
79
74
77
73
76
79
76
74
73
75
75
74
76
78
75
75
72
71
73
74
77
80
80
75
73
78
78
78
78
72
92
98
73
71
79
72
72
77
79
76
78
72
80
76
77
71
79
78
72
76
74
76
74
75
72
73
71
80
77
80
72
80
78
76
75
73
78
73
71
78
77
78
77
75
74
79
74
79
78
79
76
77
80
75
71
79
77
74
80
73
77
77
74
72
71
75
72
78
74
79
78
76
72
80
73
80
73
74
71
77
72
71
78
74
77
74
77
71
80
79
78
79
74
77
76
76
73
73
75
73
79
80
71
76
71
79
80
71
80
71
77
78
76
79
79
77
72
73
72
71
72
77
80
74
75
80
80
77
80
78
74
77
73
73
77
76
75
77
78
76
76
76
76
71
78
80
74
80
74
79
75
75
73
72
74
78
78
77
71
79
80
78
71
74
78
78
73
73
77
75
77
73
72
79
78
80
72
72
71
75
72
79
71
71
76
78
74
72
74
73
76
80
77
72
74
71
76
75
80
79
75
79
72
74
80
80
78
77
74
80
72
78
77
79
74
78
79
60
59
80
76
74
77
74
78
75
75
77
80
74
79
78
80
71
74
77
73
73
78
77
76
77
71
74
75
73
78
79
73
78
72
79
72
76
74
79
76
75
79
74
75
80
71
80
72
77
76
77
74
77
79
71
71
80
77
73
75
72
73
73
74
72
74
72
79
71
80
74
71